1639
1673
1733

2071 0.24787474256999997
2077 0.7622253929999999
2129 0.07202999999999998
2143 0.07202999999999998
2173 0.657
2179 0.21
2069 0.21022469999999996
2093 0.07202999999999998
2117 0.17492999999999997
2149 0.31289999999999996
2159 0.7599
1853 0.5543246999999999
1927 0.05042099999999999
1939 0.05042099999999999
1943 0.7353509999999999
2059 0.582351
2119 0.31289999999999996
1751 0.024706289999999992
1759 0.03529469999999999
1843 0.05042099999999999
2021 0.07202999999999998
1781 0.05042099999999999
1859 0.21902999999999995
1861 0.07202999999999998
1913 0.17492999999999997
1741 0.28202999999999995
1949 0.4029
2137 0.147
2231 0.3
2263 0.3
2279 0.3
2329 0.3
2359 0.3
2363 0.3
2369 0.3
1867 0.44699999999999995
1991 0.147
2147 0.51
1739 0.21
1921 0.21
2011 0.21
2057 0.21
1679 0.3
1769 0.3
1951 0.3
2027 0.3
2053 0.3
2161 0.3
